latitude_deg: 54.50832650029076
longitude_deg: 19.16008183019403