latitude_deg: 54.54140153749691
longitude_deg: 19.220498479286334
heading_deg: 0
