latitude_deg: 54.559309
latitude_rad: 0.9522395796629749
longitude_deg: 18.548062
longitude_rad: 0.3237247517640445
distance_from_vessel: 6198237.718534836
distance_from_vessel_lat: 1200440.531416605
distance_from_vessel_lon: 6080879.3234202685
fi_rad: 1.375890148663616
fi_deg: 78.8326985920526
