latitude_deg: 54.50832650029076
longitude_deg: 19.16008183019403
latitude_rad: 0.9513497671821516
longitude_rad: 0.33440651288842693
distance_from_vessel_lat: -3915.071206919103
distance_from_vessel_lon: -3686.3221291910386
triangle_angle_rad: -2.326110523471338
triangle_angle_deg: -133.2763156758743
distance_from_vessel: 5377.4299991176595
