latitude_deg: 0.0
latitude_rad: 0.0
longitude_deg: 0.0
longitude_rad: 0.0
heading_rad: 0.0
heading_deg: 0.0
angle_to_point_rad: 1.375890148663616
angle_to_point_deg: 78.8326985920526
